1
1
1
1
1
1
1
1
1
1
1
1
1
1
1
1
1
1
1
1
1
1
1
1
1
1
1
1
1
1
1
1
1
1
1
1
1
1
1
1
1
1
1
1
1
1
1
1
1
1
1
1
1
1
1
1
1
1
1
1
1
1
1
1
1
1
1
1
1
1
1
1
1
1
1
1
1
1
1
1
1
1
1
1
1
1
1
1
1
1
1
1
1
1
1
1
1
1
1
1
4
6
6
4
4
6
6
4
4
5
6
4
4
4
5
6
4
4
6
5
4
4
6
6
4
4
6
6
4
4
5
6
4
4
4
6
6
4
4
6
5
4
4
6
5
4
4
6
6
4
4
6
6
6
4
4
5
5
4
4
5
5
4
4
6
5
4
4
6
6
4
4
5
6
6
4
4
5
6
4
4
5
5
4
4
6
6
4
4
6
6
4
4
5
6
6
4
4
5
6
16
16
21
15
18
19
13
16
18
15
24
16
15
16
13
24
16
18
21
14
18
22
16
21
14
14
22
16
16
16
13
28
15
21
18
16
24
18
15
19
14
17
19
14
22
14
16
19
13
18
16
15
20
16
16
16
15
22
17
16
19
15
16
16
15
19
16
15
18
13
16
16
15
20
13
20
17
15
22
14
17
18
15
18
19
15
19
14
16
19
15
20
18
14
19
13
16
16
13
20
61
43
59
43
47
64
44
44
64
46
51
48
56
48
51
56
43
50
47
62
46
49
51
49
43
50
49
51
49
51
54
46
55
46
56
44
48
49
52
48
59
49
60
42
65
44
52
49
66
44
53
50
55
44
50
43
56
49
58
59
47
51
54
47
51
51
56
55
50
50
42
47
44
52
44
61
52
54
48
67
43
62
44
57
46
62
53
54
42
69
45
47
45
48
42
47
48
49
51
44
114
205
133
126
133
225
158
133
135
147
128
151
130
119
150
157
152
136
131
146
120
137
145
210
139
139
120
119
154
167
164
148
119
122
132
135
158
155
163
138
169
133
122
138
141
173
144
145
133
131
134
143
136
155
131
130
131
127
150
153
148
113
126
139
129
120
125
122
136
145
140
140
126
123
152
123
120
157
144
165
146
159
154
179
139
126
157
125
126
129
137
142
120
119
122
150
125
114
164
146
409
359
353
368
304
439
331
444
337
367
333
335
408
341
388
331
418
360
380
336
354
353
340
360
314
467
319
449
295
427
301
395
332
392
352
377
359
349
332
415
422
307
394
308
380
336
346
360
319
335
329
413
479
332
384
322
355
341
355
373
335
372
331
323
391
318
407
331
367
399
413
309
342
332
341
358
330
345
460
388
333
401
319
359
403
341
369
313
312
392
357
332
360
361
384
347
329
381
322
337
772
926
1006
909
862
923
909
836
917
773
918
949
823
786
939
1021
827
829
835
814
901
915
946
842
790
825
1077
873
820
860
805
905
932
939
913
891
856
913
900
800
944
823
867
903
875
861
1143
842
892
850
812
910
942
863
850
976
884
963
874
788
1044
865
968
1032
850
892
918
856
846
943
937
825
1076
894
901
903
887
854
996
849
800
1006
842
941
882
788
790
958
827
839
923
813
829
949
792
841
921
811
893
810
2046
1953
2089
2072
2057
1893
2160
2159
1958
2083
2418
1963
2163
2511
1987
2306
2144
2018
2147
2285
2057
1951
2284
2046
2128
2164
2259
1916
1940
2280
1986
2073
2463
2041
1966
2132
2052
1983
2366
2002
2129
2119
2316
2181
1932
2360
2108
2243
2190
1990
2137
2457
1975
2096
2083
2332
1976
2401
2052
2039
2175
2083
1958
1988
2455
1962
2435
2319
1868
2255
2668
2212
2042
2227
2007
2040
2165
1970
1898
2135
2139
1893
1936
2143
1999
2003
2389
2030
2007
2202
2084
2069
2327
2002
1975
2424
2019
1856
2077
2164
5088
6124
4880
4769
4697
5334
4839
5051
4691
5053
4729
4770
4547
5215
5489
4778
4637
4468
4693
4786
5585
5007
4618
4771
4910
5054
5326
5516
4535
4744
4594
5109
5031
5136
5509
5022
4705
4937
4731
5616
5060
5230
4777
4989
4781
5058
4755
5257
4907
5749
4862
4531
4680
4634
4985
5588
5541
4825
4693
4590
4620
4738
5350
5165
4789
4778
4320
4430
4925
5263
4916
4883
4609
4832
4890
4522
5760
5390
4601
4712
5012
4882
4778
5687
5109
4681
4905
5265
4746
4833
4662
4829
4659
4799
5119
4853
4722
4772
4814
4815
