1
1
1
1
1
1
1
1
1
1
1
1
1
1
1
1
1
1
1
1
1
1
1
1
1
1
1
1
1
1
1
1
1
1
1
1
1
1
1
1
1
1
1
1
1
1
1
1
1
1
1
1
1
1
1
1
1
1
1
1
1
1
1
1
1
1
1
1
1
1
1
1
1
1
1
1
1
1
1
1
1
1
1
1
1
1
1
1
1
1
1
1
1
1
1
1
1
1
1
1
4
6
6
4
4
4
6
6
4
4
6
5
4
4
4
5
6
4
4
6
6
5
4
4
6
6
4
4
5
5
6
4
4
5
5
4
4
4
6
5
4
4
6
6
6
4
4
5
6
4
4
5
6
5
4
4
6
5
4
4
4
6
6
4
4
5
6
4
4
4
6
5
4
4
6
5
6
4
4
6
6
4
4
4
6
6
4
4
6
5
4
4
4
5
6
4
4
6
6
5
14
20
20
17
15
14
14
14
17
16
20
23
16
18
15
13
16
14
16
20
22
18
18
15
14
16
14
17
18
22
20
18
14
15
15
15
16
18
22
19
17
16
14
14
13
15
18
28
19
18
15
13
15
14
16
22
23
20
22
18
17
14
16
17
20
21
18
18
15
15
14
16
14
18
19
20
19
16
17
16
14
14
20
16
21
18
16
16
14
14
16
18
15
25
19
17
15
15
16
16
53
72
49
55
48
54
48
43
52
43
60
47
68
40
50
49
48
73
46
56
44
56
50
58
52
53
59
45
56
50
54
42
57
50
45
53
43
48
46
57
42
46
47
43
51
45
59
54
57
47
50
43
54
50
45
57
48
63
48
50
50
54
46
49
58
44
69
41
57
42
45
45
55
52
43
70
46
53
49
45
50
48
66
44
64
45
64
41
48
57
44
58
46
57
46
56
42
52
48
49
116
180
148
118
136
170
129
128
132
140
166
126
134
144
162
139
123
162
124
164
141
135
180
207
144
172
127
124
216
126
129
125
159
134
138
121
132
160
135
171
116
136
142
129
124
123
146
130
144
120
145
148
131
122
123
148
134
137
127
170
135
110
121
141
158
124
115
183
159
132
116
126
133
152
136
129
123
193
140
128
114
136
148
132
123
123
162
138
124
134
142
137
119
115
145
144
122
134
131
140
342
374
357
350
328
385
407
390
338
377
317
332
349
341
384
380
368
387
319
327
323
337
337
365
490
359
403
330
407
317
323
381
380
371
349
324
400
334
422
409
374
375
388
401
310
348
307
367
346
373
368
434
364
328
331
309
328
413
340
389
433
368
428
345
367
307
329
373
371
350
369
383
334
320
394
389
417
392
388
328
359
325
357
379
344
369
372
399
351
343
306
309
313
402
364
398
365
354
348
337
868
816
852
792
958
821
947
784
1050
828
901
863
918
795
1031
801
851
827
967
873
793
819
789
910
852
918
839
1048
878
916
770
861
903
854
1048
808
822
890
842
833
992
827
951
826
904
922
949
815
896
834
824
837
791
861
965
851
790
905
788
1009
795
963
850
907
854
847
807
1075
930
868
909
863
1022
828
898
777
945
886
950
824
1105
892
920
1008
812
855
878
932
777
999
882
902
829
1146
837
907
759
945
893
901
2525
2152
2015
2039
2061
2142
2128
1974
2275
2017
1835
2130
2141
2213
2005
2249
1979
1990
2109
2374
2044
2001
2145
2302
2226
2088
1948
2454
2148
1893
1982
2233
1902
2128
2159
1941
2043
2033
2113
2192
2179
2067
1878
1915
2447
2329
2045
2024
2421
2029
1995
2053
2192
2072
1915
2052
2519
2050
2158
2213
2456
1969
1961
2079
2177
2112
1914
2094
2323
2147
2020
1932
2326
2089
2146
1989
2545
2069
2064
2232
2068
2034
2005
2089
2259
1915
1921
2066
2059
2340
1965
2032
2274
1937
2069
2167
2406
2012
1997
2087
4540
5039
5190
4794
4570
5410
4390
4683
5128
5214
5414
5122
4568
4928
4780
4510
5177
5050
5240
4769
4745
4930
5208
4480
5144
5592
5375
5020
4688
4648
4446
4630
4693
5822
5204
4835
4889
4591
4564
5076
4480
4932
4883
5888
5020
4567
4522
4776
4497
5342
4787
5200
4601
5297
4777
4819
4884
4575
4851
4665
4812
5052
5265
4911
4678
4645
4529
4505
4675
4798
4853
5067
4931
5544
5368
4510
5164
5337
4947
5844
5460
5352
4714
4659
4726
5042
4896
5337
5157
5416
4908
5158
4642
5191
5316
4868
4930
5189
4630
4800
