38
472
395
317
239
162
84
7
441
363
286
208
130
53
487
409
332
254
176
99
21
455
378
300
222
145
67
501
424
346
268
191
113
35
470
392
314
237
159
81
4
438
360
423
349
274
200
126
51
489
414
340
266
191
117
42
480
406
331
257
182
108
34
471
397
323
248
174
99
25
463
388
314
239
165
91
16
454
379
305
231
156
82
7
445
371
65
506
435
364
293
221
150
79
8
449
378
307
236
164
38
486
421
356
292
227
163
98
59
510
449
387
326
265
203
142
81
19
470
409
347
286
225
163
102
41
492
430
369
308
246
185
124
62
1
452
390
329
268
206
145
84
22
473
412
350
289
228
166
105
207
149
91
33
487
428
370
312
254
196
138
80
22
476
418
360
302
244
186
128
70
11
465
407
349
291
233
175
117
59
1
455
397
339
281
223
164
106
48
502
444
386
116
62
7
464
409
354
300
245
