
100
61
31
41
44
26
30
29
30
26
33
42
28
30
35
47
27
27
37
30
29
39
42
44
29
35
48
32
46
28
32
31
33
27
49
34
49
37
40
49
46
39
32
32
42
45
29
32
35
28
27
43
43
41
32
46
50
36
38
33
41
35
37
34
28
36
50
47
47
27
37
43
45
50
26
32
47
42
49
44
46
38
49
50
47
39
34
45
48
37
34
49
37
32
40
38
33
28
41
32
26
28
27
50
43
40
29
47
36
32
50
34
47
26
47
43
34
46
40
41
38
27
38
43
29
27
32
47
29
35
43
35
29
28
36
46
49
39
38
41
38
45
43
43
45
37
40
48
42
45
35
31
41
28
27
34
43
39
33
41
36
34
33
31
47
45
32
31
35
40
44
47
27
27
31
30
29
35
26
32
29
47
49
30
46
42
47
47
47
32
49
40
33
28
50
32
28
40
45
26
36
49
35
46
26
28
33
50
37
39
29
36
36
41
36
29
48
26
36
46
34
46
29
34
47
27
34
38
35
27
36
50
29
47
50
35
47
28
49
38
36
33
38
34
33
45
32
43
46
40
40
48
42
45
35
41
40
28
36
50
37
27
34
33
50
35
30
34
47
26
41
39
28
44
44
42
50
49
34
42
29
49
35
29
29
47
36
45
46
28
36
32
49
41
40
34
33
33
42
49
28
32
40
26
37
28
29
32
35
36
27
32
43
40
29
37
34
35
50
50
30
47
36
43
28
40
50
45
42
49
37
43
47
27
26
29
41
35
48
30
39
38
49
50
26
41
44
27
40
31
35
37
46
37
35
26
33
45
38
30
50
41
36
33
37
39
40
46
31
26
50
29
47
26
37
35
34
40
40
40
37
27
26
34
29
36
26
33
29
47
42
44
39
28
36
50
33
27
44
38
33
47
36
37
28
37
32
38
37
37
38
46
26
36
27
50
47
41
29
50
33
35
34
29
47
26
33
35
42
44
46
31
37
49
26
49
29
27
44
32
41
47
49
36
29
34
49
38
39
42
38
46
34
28
42
30
48
37
40
48
42
42
45
30
35
36
27
39
37
44
33
46
44
34
45
36
47
26
37
45
35
40
40
32
49
35
37
42
47
27
26
37
32
31
49
44
47
45
49
39
47
27
34
33
34
32
43
37
46
45
40
26
35
28
31
39
35
36
27
50
35
27
32
46
33
26
30
34
30
26
34
43
35
30
45
39
47
35
37
49
29
27
32
29
40
47
48
30
47
38
40
50
39
43
30
50
48
28
32
30
32
32
42
38
42
48
40
30
40
28
32
50
37
50
29
46
49
41
49
29
47
26
44
50
44
40
46
40
47
27
42
49
47
36
26
33
29
28
33
40
32
28
47
36
30
38
29
44
31
35
38
43
34
31
48
42
32
32
26
29
46
39
32
47
50
37
37
44
38
35
47
28
40
37
37
46
34
35
36
32
30
30
39
34
45
40
29
26
29
31
31
35
38
46
32
28
34
44
33
29
35
49
37
39
26
39
30
30
38
35
49
43
49
39
40
46
31
27
48
36
26
39
50
34
26
43
37
32
26
39
30
33
35
46
38
40
27
38
47
27
32
30
35
50
48
30
26
26
30
50
37
50
41
47
29
40
38
35
38
31
44
40
35
32
41
39
39
36
30
45
50
28
46
32
31
40
39
48
44
27
26
50
50
31
31
35
47
30
49
45
38
44
50
28
37
32
33
40
34
33
43
35
47
46
36
39
48
38
39
32
39
45
45
38
49
45
27
26
39
44
49
50
35
29
40
31
30
29
28
40
36
43
30
40
45
30
37
43
34
26
38
40
50
46
35
35
41
29
30
39
40
49
40
47
31
32
49
27
31
34
29
50
49
44
27
46
46
35
31
28
31
29
45
47
30
29
46
44
28
40
47
26
27
39
39
29
26
50
29
34
47
27
38
50
31
50
40
35
43
31
31
45
40
50
36
34
31
50
45
32
39
31
45
43
46
33
47
44
34
40
31
36
33
45
27
26
29
48
50
32
44
36
36
27
26
36
43
28
48
35
30
38
46
35
47
43
33
31
29
50
45
50
43
38
44
27
46
31
50
46
27
45
40
35
46
39
41
33
37
28
36
43
36
35
34
27
26
34
32
50
29
39
30
29
40
47
26
42
50
26
43
36
46
36
46
33
38
34
37
44
42
30
40
49
38
27
35
33
38
31
37
37
49
40
48
35
45
30
29
46
29
36
44
32
30
30
49
33
43
32
41
46
46
45
49
30
32
46
29
31
44