6
6
12
15
29
30
7
19
29
31
17
3
17
24
25
10
22
9
24
28
11
23
3
15
2
26
21
17
10
16
6
14
27
11
32
32
11
6
7
6
18
22
6
21
22
4
11
29
30
6
20
3
12
5
21
32
15
32
1
23
1
25
9
28
7
19
15
19
18
14
21
14
23
17
22
8
5
2
21
31
24
8
10
1
10
25
9
23
23
26
26
33
1
10
4
10
23
3
16
15
2
6
4
18
32
29
32
6
13
15
9
28
9
10
15
8
25
32
26
16
23
28
9
16
10
14
32
8
6
15
17
16
16
29
21
29
16
21
28
12
29
3
6
5
7
22
13
31
9
7
10
8
28
8
21
31
28
13
14
8
1
23
27
9
16
29
14
1
30
32
30
12
6
21
18
17
22
3
7
33
19
24
7
2
2
12
28
24
23
12
8
4
7
7
12
30
23
14
1
19
16
17
14
13
26
23
26
26
13
20
28
30
11
24
5
8
28
2
21
31
31
11
19
25
8
28
32
11
28
20
8
14
30
11
18
13
11
25
24
33
21
27
1
29
8
11
2
6
6
19
17
10
21
10
26
9
2
26
7
33
21
18
4
18
16
29
5
29
14
8
11
10
5
19
5
25
2
17
7
15
20
18
25
5
30
3
19
29
9
22
15
3
29
6
2
3
32
33
32
2
22
15
32
32
8
9
17
32
19
8
2
26
6
2
15
18
32
15
28
31
30
18
29
14
10
12
24
12
23
32
14
25
25
21
6
18
26
21
4
23
19
9
14
3
16
19
14
5
33
5
30
3
20
28
12
15
26
29
33
28
19
14
26
18
15
29
28
20
3
26
27
25
30
13
12
12
23
31
12
11
7
22
7
31
15
14
21
12
5
14
4
5
31
16
3
18
14
8
6
30
4
9
7
20
16
6
8
27
14
16
21
2
27
17
19
14
6
17
5
29
10
19
20
2
25
20
3
20
15
21
18
16
8
3
22
12
5
8
22
27
28
27
16
1
6
3
3
16
30
27
8
15
6
26
5
16
15
21
14
7
13
30
24
11
15
19
10
25
29
31
19
29
25
3
28
16
19
23
3
13
14
12
29
8
23
17
29
17
1
31
15
17
1
28
22
25
8
16
4
9
20
22
5
21
11
26
17
15
12
18
8
13
31
21
32
31
28
1
4
13
33
6
11
9
8
2
22
5
21
1
27
32
12
23
29
31
12
26
33
18
30
24
14
1
9
17
3
32
21
18
15
18
13
16
32
31
30
4
10
3
6
25
29
19
6
7
16
25
7
14
22
1
21
8
29
29
25
10
20
15
5
7
26
17
26
11
4
21
33
18
13
10
32
23
20
17
2
7
2
8
22
13
19
28
33
2
3
27
7
21
25
2
13
33
11
33
12
21
8
5
14
21
2
21
21
6
3
27
5
23
28
21
5
28
22
20
15
32
26
25
2
23
15
5
18
29
17
29
22
25
20
29
7
24
24
5
11
3
4
6
19
20
18
15
17
9
18
17
16
24
2
27
6
30
14
27
23
22
3
7
30
14
11
30
11
33
3
1
23
18
12
1
15
22
32
9
9
21
24
17
22
32
6
9
1
8
8
25
1
4
3
4
27
25
6
31
30
17
4
20
32
8
8
10
32
20
10
27
11
8
13
4
19
7
27
18
20
32
5
9
25
29
26
32
20
9
27
13
32
11
1
12
29
5
30
25
13
33
32
2
7
29
18
20
25
32
27
6
13
28
8
13
3
16
27
9
2
32
21
11
21
9
12
1
24
23
12
22
30
12
24
1
32
22
33
27
29
18
13
32
14
33
14
26
10
14
33
22
14
7
27
13
2
8
31
12
11
25
11
2
27
5
18
32
5
6
11
10
20
8
32
26
11
31
9
26
23
2
16
31
20
23
12
33
15
29
29
11
32
17
13
19
15
21
25
9
27
13
30
7
20
6
9
22
5
20
9
11
19
21
24
3
30
21
31
4
32
29
16
4
18
21
27
16
4
2
30
15
21
22
27
14
21
17
11
27
17
13
20
2
10
12
14
7
8
20
4
15
28
24
16
31
16
6
24
26
7
18
27
8
26
25
2
13
14
6
14
21
21
33
8
9
9
11
19
19
1
19
7
10
14
28
26
9
22
20
32
3
4
6
23
16
29
29
8
11
26
3
5
19
7
21
32
30
30
17
15
21
7
31
10
23
31
21
20
23
19
25
9
22
9
27
29
7
7
20
29
33
16
33
12
12
14
27
12
19
22
27
19
32
