0.609135
0.330003
-0.471222
-0.179701
0.011141
-0.437299
-0.950448
0.577170
0.712998
0.329284
0.600307
0.315976
0.607156
0.379785
-0.008114
0.597622
-0.073678
-0.553127
0.203739
0.518027
-0.679022
-0.133047
-0.364415
0.915937
-0.900926
0.904561
0.776025
-0.237196
-0.694035
0.452024
0.438417
-0.045269
-0.001355
0.292319
0.714609
-0.148795
0.068167
0.985481
-0.948002
-0.712423
0.265723
-0.405418
0.385281
0.079791
-0.655741
-0.245544
0.638854
-0.425490
-0.536261
0.646502
0.059506
0.542894
0.382608
-0.456396
0.017530
0.357617
-0.345686
-0.461472
-0.468789
0.516416
-0.381639
-0.641301
0.510735
-0.038630
-0.957929
-0.350117
0.239349
0.422231
-0.274619
0.366220
-0.660983
-0.541648
-0.503285
0.346931
0.240799
0.362700
0.551443
0.513032
0.759866
0.355382
-0.756922
-0.153922
-0.221361
-0.398659
0.138934
-0.130382
-0.370621
0.441835
0.567333
-0.032948
0.214087
-0.552474
-0.708270
0.959055
0.316206
0.621467
-0.344107
-0.980680
0.341066
0.750772
0.381108
-0.117607
-0.885889
-0.825830
0.583803
0.245058
0.468831
-0.288736
-0.554554
-0.305669
-0.345462
-0.064933
-0.084240
0.872794
-0.000242
0.134813
-0.823823
0.274779
-0.045137
-0.907810
-0.263247
-0.369956
-0.796572
-0.073485
0.874972
-0.615714
0.194320
0.011051
-0.203073
0.092335
0.357958
0.759545
0.336088
-0.004209
-0.447124
0.996903
-0.733852
-0.466398
-0.000914
-0.146089
0.098905
-0.215726
0.025789
0.624305
0.406393
0.532263
0.634285
0.183329
0.195443
0.574614
-0.732663
-0.213990
0.559606
0.420762
0.019818
0.553227
-0.247657
0.597395
-0.154733
0.114426
0.080317
0.469188
0.581519
0.864645
-0.332309
0.239399
-0.235453
-0.570812
-0.512059
0.994867
0.706773
0.662600
0.131859
-0.322493
-0.076669
0.541819
-0.203909
0.576695
-0.160571
-0.008546
0.231175
0.994551
0.353081
0.292078
0.067599
0.826877
-0.505159
-0.853250
-0.061276
0.303974
-0.048478
-0.563541
-0.320827
-0.531238
-0.183285
-0.606094
-0.575789
0.427430
0.514456
-0.546826
-0.860530
-0.920440
-0.360799
0.670954
-0.798712
0.090684
0.218530
-0.459470
-0.344325
0.430299
0.542332
-0.016737
0.813875
-0.174075
-0.592294
0.074850
-0.937107
0.413062
0.539080
-0.193095
0.429050
0.635078
0.528439
-0.295224
0.101576
-0.176900
0.513539
-0.036273
0.187874
0.511035
0.327907
-0.749625
0.200947
0.297026
0.084612
-0.689872
-0.250082
-0.530098
-0.951367
0.711570
0.698520
-0.886531
-0.407254
-0.562486
0.382927
0.285563
0.114970
-0.752712
-0.400030
-0.554343
0.281874
-0.534421
0.355668
0.590961
-0.355727
0.773353
-0.430518
-0.542962
0.195913
-0.587690
0.761645
-0.831601
0.639316
-0.609608
-0.076345
0.886937
0.302741
-0.620234
-0.824574
0.004462
-0.358178
0.518623
-0.877235
0.076293
0.620845
-0.502938
0.265433
0.743586
0.110940
0.450525
-0.178313
0.223932
-0.495291
0.390312
0.861210
-0.123472
0.258694
-0.610089
0.159745
0.338888
0.206722
0.063425
0.511039
0.806347
0.633833
-0.243894
0.596187
-0.196469
0.753729
0.390729
0.075932
-0.180315
0.243904
-0.341862
-0.727465
0.791323
0.351548
0.346565
0.406591
-0.316792
-0.304190
0.092712
-0.432407
0.094500
0.349026
-0.371100
-0.803774
-0.631820
-0.005494
0.226678
0.199317
0.062205
-0.766148
-0.297228
-0.747932
-0.465173
-0.463686
-0.097133
0.519004
-0.462307
0.132269
0.441177
-0.845188
-0.172461
0.126306
0.122017
0.494362
0.619709
-0.537097
-0.757154
0.897745
0.087298
0.574253
0.841273
-0.066641
0.197812
0.087219
0.287159
-0.545424
0.982060
0.836381
-0.453689
0.013544
-0.708434
0.284005
0.566371
0.228880
-0.183730
0.536054
0.017039
0.460424
0.385440
-0.630298
0.876681
0.775791
-0.588025
-0.146095
0.653114
-0.256778
-0.011348
0.542031
-0.500286
0.471077
-0.439059
0.551986
0.222830
-0.270464
0.389904
0.500837
0.040838
0.207601
0.713458
-0.092120
-0.673877
-0.819513
0.399371
0.317151
0.191775
-0.075781
0.360724
-0.298927
0.506668
0.095181
-0.271793
-0.569053
0.244475
-0.018417
0.927552
-0.570730
0.503547
-0.783994
0.094646
-0.599121
0.236830
0.309217
-0.407330
0.421327
0.082264
-0.299080
-0.205641
-0.610050
0.175712
-0.325027
-0.469609
-0.175402
-0.760989
-0.126146
0.727067
0.107768
0.438034
0.208146
-0.655945
0.442088
0.410583
0.874085
0.005995
-0.079868
0.677229
0.808633
0.277659
0.821763
-0.052863
-0.742923
0.208837
0.446610
-0.138288
0.316722
0.459586
-0.392039
0.078303
-0.872578
0.469973
-0.411032
-0.158333
0.615498
-0.776333
0.049972
0.023815
0.108696
0.695460
-0.078707
-0.580248
0.619458
-0.787542
-0.533290
0.301836
0.727760
0.753560
-0.836237
0.578072
0.641144
-0.809336
-0.237872
-0.282781
-0.355730
0.423362
0.655748
0.183921
-0.706500
0.509067
0.292536
0.424524
-0.843189
-0.600907
-0.604401
-0.787397
-0.192153
-0.564298
0.814864
-0.026501
-0.015041
-0.384332
-0.100839
0.731413
-0.391968
-0.034818
0.384837
0.556574
-0.094998
-0.018184
0.264694
0.421643
0.971627
-0.385841
0.652557
-0.457691
0.569876
-0.104710
0.599564
-0.814941
-0.476192
-0.933541
-0.098698
-0.304915
0.676380
0.624770
-0.660146
-0.157047
-0.099274
0.549214
0.385479
-0.310595
-0.031482
0.983352
-0.812693
-0.422867
-0.632357
0.373242
0.240418
0.660418
0.830231
0.634459
0.182040
-0.602165
-0.635337
0.650605
0.982489
0.181651
0.703486
0.523212
0.038899
0.245300
-0.198797
0.308811
-0.650439
0.571944
0.664032
0.522014
0.494769
0.670510
0.518565
0.521861
0.558234
-0.208703
-0.103592
0.659175
-0.942314
-0.705378
-0.471112
-0.128587
0.245889
-0.876685
-0.626004
0.391209
0.532743
0.319726
-0.571861
-0.094775
0.038513
-0.246704
0.162359
0.234304
-0.412456
0.501730
-0.362427
-0.265834
-0.642897
-0.316222
-0.319132
-0.865777
0.116337
-0.787383
-0.252910
-0.735401
-0.405470
-0.534873
0.951190
-0.378020
-0.008304
0.136640
-0.226844
0.640195
-0.993500
-0.644235
-0.820848
-0.363016
-0.466972
-0.043293
-0.129646
0.127383
0.039759
0.409359
-0.745298
0.713836
0.030060
0.080337
-0.304920
0.509968
0.396300
0.242564
-0.175504
-0.600788
0.026268
0.376802
0.096355
0.346775
0.063421
0.867432
-0.317242
-0.185156
-0.158824
-0.678911
0.112270
0.740579
-0.500118
0.133285
-0.159535
0.905491
0.156978
0.798200
0.821929
0.576248
0.304143
-0.748201
0.719994
0.747452
-0.350915
0.695319
-0.278931
0.181760
-0.007168
-0.218988
-0.770164
-0.404275
0.093955
0.660879
0.635293
-0.891788
-0.189311
0.682899
-0.443933
0.701317
0.377405
0.162276
0.947330
-0.240280
0.655049
-0.022381
0.296545
-0.242963
-0.157290
0.036112
-0.642266
-0.529221
0.555528
-0.007392
0.694841
0.625043
-0.456243
-0.713462
0.456460
-0.225608
-0.720631
0.327232
0.856910
-0.972123
-0.028228
0.771204
-0.313962
-0.151634
0.603832
-0.922633
-0.082224
-0.915809
0.146995
0.265760
-0.227878
-0.274335
0.225478
-0.369199
-0.447407
0.165774
-0.208035
-0.165244
-0.598651
0.429090
0.377753
-0.700446
-0.007333
-0.250550
-0.639751
-0.668755
0.123238
-0.988333
0.153229
0.898114
0.260216
0.425182
-0.268928
-0.607108
-0.106716
0.449813
0.333659
-0.301526
0.059317
0.267597
0.366562
-0.658716
0.308634
-0.892382
0.091226
0.462159
0.173469
0.816311
0.419079
-0.315778
0.440463
-0.981450
-0.227867
0.882567
0.438476
-0.875777
0.357613
0.673428
-0.597702
0.819919
0.149410
-0.055495
0.024316
0.141648
0.807695
0.027267
0.161546
0.440352
-0.369507
-0.495746
0.477910
-0.230226
0.933756
0.026866
-0.588421
-0.376887
-0.880781
0.208189
-0.392882
-0.430448
-0.261653
-0.683268
0.722166
0.646697
-0.621182
-0.532557
0.090888
0.276682
0.328498
0.577064
-0.236520
0.448543
-0.762712
-0.684705
-0.981623
-0.153796
0.174258
-0.528451
-0.306858
-0.102272
0.017019
0.179875
0.448752
0.591993
0.138130
-0.681641
-0.226653
0.225094
-0.557075
0.035461
-0.080068
0.502115
-0.480403
0.484967
-0.553321
0.830801
0.592853
0.063443
-0.490325
0.325295
0.293863
-0.487539
0.343065
0.481737
0.385842
0.003642
0.535353
-0.243882
-0.149173
-0.237170
-0.062516
-0.154142
-0.376525
0.683059
0.724899
-0.209116
-0.392311
-0.289159
0.871400
-0.117341
0.232824
0.003763
-0.162716
0.525905
-0.032943
-0.955775
0.313659
-0.406743
0.724257
-0.277871
-0.383889
0.871678
0.076368
0.830289
-0.397516
-0.120038
-0.280291
-0.982675
0.525017
0.305163
0.108435
-0.735641
-0.178451
-0.320605
-0.061170
-0.163767
0.923747
-0.336313
-0.499695
0.341078
0.931475
-0.209325
-0.575190
-0.220226
0.323240
0.370880
-0.718397
0.258088
-0.828245
-0.828891
0.043785
0.144507
-0.126989
-0.157157
-0.759985
-0.845229
0.848801
0.312436
0.005144
0.364464
-0.770153
-0.687255
-0.139260
0.639928
-0.609010
0.370593
0.739767
0.706240
-0.524752
-0.809252
-0.432009
-0.818793
0.638904
-0.433403
0.130277
0.019253
0.199749
0.657500
0.217305
0.064660
0.637304
0.860822
0.726246
0.470333
0.985709
0.085651
-0.013762
0.418332
0.239131
-0.367739
-0.745027
0.651841
0.204670
0.241397
-0.154064
-0.562837
0.839915
-0.142735
0.110382
0.088345
0.721009
-0.704720
-0.221786
0.048955
0.764240
0.424753
0.009164
-0.584428
0.437436
0.837937
0.741973
0.527628
0.868228
-0.323327
-0.366783
-0.250862
-0.595303
-0.151225
0.318033
0.236600
-0.595132
0.109868
-0.509818
-0.006489
0.476209
-0.752071
-0.933928
-0.599256
-0.238215
0.497376
-0.598612
-0.129699
-0.259743
0.940471
0.309326
0.598845
-0.340857
0.414151
0.016078
-0.021374
-0.199131
-0.121975
0.861060
-0.052917
-0.253496
-0.500862
-0.236082
0.831736
0.135577
0.034171
-0.388350
0.088996
-0.388851
-0.150191
0.577180
0.435160
-0.305131
0.383389
-0.084378
-0.001174
-0.323708
-0.641574
0.059839
-0.851328
-0.310266
-0.784949
-0.266783
-0.143787
-0.093665
0.352761
0.234431
-0.748107
-0.617255
-0.926040
0.670161
-0.800256
0.030933
-0.034430
-0.124022
0.346051
-0.598644
-0.737228
-0.633741
0.408177
0.157521
0.436730
-0.820795
0.463264
-0.076847
0.750721
0.073392
0.407414
0.244408
0.733229
-0.241080
0.395117
-0.181536
-0.011085
0.977998
0.285401
0.819297
-0.148514
-0.144006
-0.615120
